,0,1,2,3,4,5
0,-2,-2,-2,-2,-2,-2
1,-2,-2,-2,-2,-2,2
2,-2,-2,-2,-2,-1,-1
3,-2,-2,-2,-2,1,-1
4,-2,-2,-2,-2,1,1
5,-2,-2,-2,-2,2,-2
6,-2,-2,-2,-2,2,2
7,-2,-2,-2,-1,-1,-2
8,-2,-2,-2,-1,-1,2
9,-2,-2,-2,-1,1,2
10,-2,-2,-2,1,-1,-2
11,-2,-2,-2,1,1,-2
12,-2,-2,-2,1,1,2
13,-2,-2,-2,2,-2,-2
14,-2,-2,-2,2,-2,2
15,-2,-2,-2,2,-1,-1
16,-2,-2,-2,2,-1,1
17,-2,-2,-2,2,1,1
18,-2,-2,-1,-2,-2,-1
19,-2,-2,-1,-2,-2,1
20,-2,-2,-1,-2,2,-1
21,-2,-2,-1,-2,2,1
22,-2,-2,-1,-1,-2,-2
23,-2,-2,-1,-1,-2,2
24,-2,-2,-1,-1,-1,-1
25,-2,-2,-1,-1,1,-1
26,-2,-2,-1,-1,1,1
27,-2,-2,-1,-1,2,2
28,-2,-2,-1,1,-1,1
29,-2,-2,-1,1,1,-1
30,-2,-2,-1,1,1,1
31,-2,-2,-1,1,2,-2
32,-2,-2,-1,2,-2,-1
33,-2,-2,-1,2,-2,1
34,-2,-2,-1,2,2,1
35,-2,-2,1,-2,-2,1
36,-2,-2,1,-2,2,-1
37,-2,-2,1,-2,2,1
38,-2,-2,1,-1,-2,-2
39,-2,-2,1,-1,-2,2
40,-2,-2,1,-1,-1,-1
41,-2,-2,1,-1,-1,1
42,-2,-2,1,-1,1,-1
43,-2,-2,1,-1,1,1
44,-2,-2,1,-1,2,-2
45,-2,-2,1,1,-2,2
46,-2,-2,1,1,-1,-1
47,-2,-2,1,1,-1,1
48,-2,-2,1,1,1,-1
49,-2,-2,1,1,1,1
50,-2,-2,1,1,2,-2
51,-2,-2,1,2,-2,-1
52,-2,-2,1,2,-2,1
53,-2,-2,1,2,2,-1
54,-2,-2,1,2,2,1
55,-2,-2,2,-2,-2,-2
56,-2,-2,2,-2,-2,2
57,-2,-2,2,-2,-1,-1
58,-2,-2,2,-2,-1,1
59,-2,-2,2,-2,1,-1
60,-2,-2,2,-2,2,-2
61,-2,-2,2,-1,-1,-2
62,-2,-2,2,-1,1,-2
63,-2,-2,2,1,-1,-2
64,-2,-2,2,1,1,-2
65,-2,-2,2,1,1,2
66,-2,-2,2,2,-2,-2
67,-2,-2,2,2,1,1
68,-2,-2,2,2,2,2
69,-2,-1,-2,-2,-1,-2
70,-2,-1,-2,-2,1,-2
71,-2,-1,-2,-2,1,2
72,-2,-1,-2,-1,-2,-1
73,-2,-1,-2,-1,-2,1
74,-2,-1,-2,-1,2,-1
75,-2,-1,-2,-1,2,1
76,-2,-1,-2,1,-2,-1
77,-2,-1,-2,1,-2,1
78,-2,-1,-2,1,2,-1
79,-2,-1,-2,2,-1,-2
80,-2,-1,-2,2,-1,2
81,-2,-1,-2,2,1,-2
82,-2,-1,-1,-2,-2,-2
83,-2,-1,-1,-2,-1,-1
84,-2,-1,-1,-2,-1,1
85,-2,-1,-1,-2,1,-1
86,-2,-1,-1,-2,1,1
87,-2,-1,-1,-2,2,-2
88,-2,-1,-1,-2,2,2
89,-2,-1,-1,-1,-1,-2
90,-2,-1,-1,-1,-1,2
91,-2,-1,-1,-1,1,-2
92,-2,-1,-1,-1,1,2
93,-2,-1,-1,1,-1,2
94,-2,-1,-1,2,-2,-2
95,-2,-1,-1,2,-2,2
96,-2,-1,-1,2,-1,-1
97,-2,-1,-1,2,-1,1
98,-2,-1,-1,2,1,-1
99,-2,-1,-1,2,1,1
100,-2,-1,-1,2,2,-2
101,-2,-1,-1,2,2,2
102,-2,-1,1,-2,-2,-2
103,-2,-1,1,-2,-1,-1
104,-2,-1,1,-2,-1,1
105,-2,-1,1,-2,1,-1
106,-2,-1,1,-2,1,1
107,-2,-1,1,-2,2,-2
108,-2,-1,1,-1,-1,2
109,-2,-1,1,1,-1,-2
110,-2,-1,1,1,1,-2
111,-2,-1,1,1,1,2
112,-2,-1,1,2,-2,-2
113,-2,-1,1,2,-1,-1
114,-2,-1,1,2,1,1
115,-2,-1,1,2,2,2
116,-2,-1,2,-2,-1,-2
117,-2,-1,2,-2,-1,2
118,-2,-1,2,-2,1,-2
119,-2,-1,2,-1,-2,-1
120,-2,-1,2,-1,-2,1
121,-2,-1,2,-1,2,-1
122,-2,-1,2,-1,2,1
123,-2,-1,2,1,-2,1
124,-2,-1,2,1,2,1
125,-2,-1,2,2,-1,-2
126,-2,-1,2,2,-1,2
127,-2,-1,2,2,1,-2
128,-2,-1,2,2,1,2
129,-2,1,-2,-2,-1,-2
130,-2,1,-2,-2,-1,2
131,-2,1,-2,-2,1,-2
132,-2,1,-2,-2,1,2
133,-2,1,-2,-1,-2,-1
134,-2,1,-2,-1,2,-1
135,-2,1,-2,-1,2,1
136,-2,1,-2,1,-2,-1
137,-2,1,-2,1,2,-1
138,-2,1,-2,1,2,1
139,-2,1,-2,2,-1,-2
140,-2,1,-2,2,1,-2
141,-2,1,-2,2,1,2
142,-2,1,-1,-2,-2,-2
143,-2,1,-1,-2,-1,-1
144,-2,1,-1,-2,-1,1
145,-2,1,-1,-2,1,-1
146,-2,1,-1,-2,1,1
147,-2,1,-1,-2,2,-2
148,-2,1,-1,-1,-1,-2
149,-2,1,-1,-1,-1,2
150,-2,1,-1,-1,1,-2
151,-2,1,-1,1,-1,-2
152,-2,1,-1,1,1,-2
153,-2,1,-1,1,1,2
154,-2,1,-1,2,-2,-2
155,-2,1,-1,2,-1,-1
156,-2,1,-1,2,1,1
157,-2,1,-1,2,2,2
158,-2,1,1,-2,-2,-2
159,-2,1,1,-2,-2,2
160,-2,1,1,-2,-1,-1
161,-2,1,1,-2,-1,1
162,-2,1,1,-2,1,-1
163,-2,1,1,-2,1,1
164,-2,1,1,-2,2,-2
165,-2,1,1,-2,2,2
166,-2,1,1,-1,1,-2
167,-2,1,1,-1,1,2
168,-2,1,1,1,-1,-2
169,-2,1,1,1,-1,2
170,-2,1,1,1,1,-2
171,-2,1,1,1,1,2
172,-2,1,1,2,-2,-2
173,-2,1,1,2,-2,2
174,-2,1,1,2,-1,-1
175,-2,1,1,2,-1,1
176,-2,1,1,2,1,1
177,-2,1,1,2,2,-2
178,-2,1,1,2,2,2
179,-2,1,2,-2,1,-2
180,-2,1,2,-2,1,2
181,-2,1,2,-1,-2,-1
182,-2,1,2,-1,-2,1
183,-2,1,2,-1,2,-1
184,-2,1,2,1,-2,1
185,-2,1,2,1,2,-1
186,-2,1,2,1,2,1
187,-2,1,2,2,-1,-2
188,-2,1,2,2,-1,2
189,-2,1,2,2,1,-2
190,-2,1,2,2,1,2
191,-2,2,-2,-2,-2,-2
192,-2,2,-2,-2,-2,2
193,-2,2,-2,-2,-1,-1
194,-2,2,-2,-2,-1,1
195,-2,2,-2,-2,1,-1
196,-2,2,-2,-2,1,1
197,-2,2,-2,-2,2,-2
198,-2,2,-2,-1,-1,-2
199,-2,2,-2,-1,-1,2
200,-2,2,-2,-1,1,-2
201,-2,2,-2,1,-1,-2
202,-2,2,-2,1,1,-2
203,-2,2,-2,1,1,2
204,-2,2,-2,2,-2,-2
205,-2,2,-2,2,-1,-1
206,-2,2,-2,2,1,1
207,-2,2,-2,2,2,2
208,-2,2,-1,-2,-2,-1
209,-2,2,-1,-2,-2,1
210,-2,2,-1,-2,2,-1
211,-2,2,-1,-1,-2,-2
212,-2,2,-1,-1,-2,2
213,-2,2,-1,-1,-1,-1
214,-2,2,-1,-1,1,-1
215,-2,2,-1,-1,2,-2
216,-2,2,-1,-1,2,2
217,-2,2,-1,1,-2,-2
218,-2,2,-1,1,-1,-1
219,-2,2,-1,1,2,2
220,-2,2,-1,2,2,-1
221,-2,2,-1,2,2,1
222,-2,2,1,-2,-2,-1
223,-2,2,1,-2,-2,1
224,-2,2,1,-1,-2,-2
225,-2,2,1,-1,-1,-1
226,-2,2,1,-1,1,1
227,-2,2,1,-1,2,2
228,-2,2,1,1,-2,-2
229,-2,2,1,1,-2,2
230,-2,2,1,1,-1,1
231,-2,2,1,1,1,1
232,-2,2,1,1,2,-2
233,-2,2,1,1,2,2
234,-2,2,1,2,-2,1
235,-2,2,1,2,2,-1
236,-2,2,1,2,2,1
237,-2,2,2,-2,-2,-2
238,-2,2,2,-2,-1,-1
239,-2,2,2,-2,1,1
240,-2,2,2,-2,2,2
241,-2,2,2,-1,-1,-2
242,-2,2,2,-1,-1,2
243,-2,2,2,1,-1,2
244,-2,2,2,1,1,-2
245,-2,2,2,1,1,2
246,-2,2,2,2,-1,-1
247,-2,2,2,2,-1,1
248,-2,2,2,2,1,-1
249,-2,2,2,2,1,1
250,-2,2,2,2,2,-2
251,-2,2,2,2,2,2
252,-1,-2,-2,-2,-2,-1
253,-1,-2,-2,-2,-2,1
254,-1,-2,-2,-2,2,-1
255,-1,-2,-2,-2,2,1
256,-1,-2,-2,-1,-2,-2
257,-1,-2,-2,-1,-1,1
258,-1,-2,-2,-1,1,-1
259,-1,-2,-2,-1,1,1
260,-1,-2,-2,-1,2,-2
261,-1,-2,-2,-1,2,2
262,-1,-2,-2,1,-2,-2
263,-1,-2,-2,1,-1,-1
264,-1,-2,-2,1,-1,1
265,-1,-2,-2,1,1,1
266,-1,-2,-2,1,2,-2
267,-1,-2,-2,1,2,2
268,-1,-2,-2,2,2,-1
269,-1,-2,-1,-2,-1,-2
270,-1,-2,-1,-2,-1,2
271,-1,-2,-1,-2,1,-2
272,-1,-2,-1,-2,1,2
273,-1,-2,-1,-1,-2,-1
274,-1,-2,-1,-1,2,-1
275,-1,-2,-1,-1,2,1
276,-1,-2,-1,1,-2,1
277,-1,-2,-1,1,2,-1
278,-1,-2,-1,2,-1,2
279,-1,-2,-1,2,1,-2
280,-1,-2,1,-2,-1,2
281,-1,-2,1,-2,1,-2
282,-1,-2,1,-2,1,2
283,-1,-2,1,-1,-2,-1
284,-1,-2,1,-1,2,-1
285,-1,-2,1,1,-2,-1
286,-1,-2,1,1,-2,1
287,-1,-2,1,1,2,-1
288,-1,-2,1,2,-1,-2
289,-1,-2,1,2,-1,2
290,-1,-2,1,2,1,2
291,-1,-2,2,-2,-2,-1
292,-1,-2,2,-2,-2,1
293,-1,-2,2,-2,2,-1
294,-1,-2,2,-1,-2,-2
295,-1,-2,2,-1,-2,2
296,-1,-2,2,-1,-1,-1
297,-1,-2,2,-1,-1,1
298,-1,-2,2,-1,1,-1
299,-1,-2,2,-1,2,-2
300,-1,-2,2,-1,2,2
301,-1,-2,2,1,-2,-2
302,-1,-2,2,1,-1,-1
303,-1,-2,2,1,1,1
304,-1,-2,2,1,2,2
305,-1,-2,2,2,-2,-1
306,-1,-2,2,2,2,-1
307,-1,-2,2,2,2,1
308,-1,-1,-2,-2,-2,-2
309,-1,-1,-2,-2,-2,2
310,-1,-1,-2,-2,-1,1
311,-1,-1,-2,-2,1,1
312,-1,-1,-2,-2,2,-2
313,-1,-1,-2,-2,2,2
314,-1,-1,-2,-1,-1,-2
315,-1,-1,-2,-1,-1,2
316,-1,-1,-2,-1,1,-2
317,-1,-1,-2,-1,1,2
318,-1,-1,-2,1,-1,-2
319,-1,-1,-2,1,-1,2
320,-1,-1,-2,1,1,-2
321,-1,-1,-2,1,1,2
322,-1,-1,-2,2,-2,-2
323,-1,-1,-2,2,-2,2
324,-1,-1,-2,2,-1,1
325,-1,-1,-2,2,1,-1
326,-1,-1,-2,2,2,-2
327,-1,-1,-2,2,2,2
328,-1,-1,-1,-2,-2,-1
329,-1,-1,-1,-2,-2,1
330,-1,-1,-1,-2,2,-1
331,-1,-1,-1,-2,2,1
332,-1,-1,-1,-1,-2,-2
333,-1,-1,-1,-1,-2,2
334,-1,-1,-1,-1,-1,1
335,-1,-1,-1,-1,1,-1
336,-1,-1,-1,-1,2,-2
337,-1,-1,-1,-1,2,2
338,-1,-1,-1,1,-2,2
339,-1,-1,-1,1,-1,-1
340,-1,-1,-1,1,-1,1
341,-1,-1,-1,1,1,-1
342,-1,-1,-1,1,2,-2
343,-1,-1,-1,2,-2,1
344,-1,-1,-1,2,2,-1
345,-1,-1,-1,2,2,1
346,-1,-1,1,-2,-2,-1
347,-1,-1,1,-2,-2,1
348,-1,-1,1,-2,2,-1
349,-1,-1,1,-1,-2,-2
350,-1,-1,1,-1,-2,2
351,-1,-1,1,-1,-1,-1
352,-1,-1,1,-1,-1,1
353,-1,-1,1,-1,1,-1
354,-1,-1,1,-1,2,2
355,-1,-1,1,1,-2,-2
356,-1,-1,1,1,-1,-1
357,-1,-1,1,1,2,2
358,-1,-1,1,2,-2,-1
359,-1,-1,1,2,2,-1
360,-1,-1,1,2,2,1
361,-1,-1,2,-2,-2,-2
362,-1,-1,2,-2,-2,2
363,-1,-1,2,-2,-1,-1
364,-1,-1,2,-2,1,-1
365,-1,-1,2,-2,2,-2
366,-1,-1,2,-2,2,2
367,-1,-1,2,-1,-1,-2
368,-1,-1,2,-1,1,-2
369,-1,-1,2,-1,1,2
370,-1,-1,2,1,-1,-2
371,-1,-1,2,1,-1,2
372,-1,-1,2,1,1,-2
373,-1,-1,2,1,1,2
374,-1,-1,2,2,-2,-2
375,-1,-1,2,2,-2,2
376,-1,-1,2,2,-1,1
377,-1,-1,2,2,1,-1
378,-1,-1,2,2,2,-2
379,-1,-1,2,2,2,2
380,-1,1,-2,-2,-2,-2
381,-1,1,-2,-2,-2,2
382,-1,1,-2,-2,-1,-1
383,-1,1,-2,-2,-1,1
384,-1,1,-2,-2,1,-1
385,-1,1,-2,-2,1,1
386,-1,1,-2,-2,2,-2
387,-1,1,-2,-1,-1,-2
388,-1,1,-2,-1,1,-2
389,-1,1,-2,1,1,-2
390,-1,1,-2,1,1,2
391,-1,1,-2,2,-2,-2
392,-1,1,-2,2,-1,-1
393,-1,1,-2,2,1,1
394,-1,1,-2,2,2,2
395,-1,1,-1,-2,-2,1
396,-1,1,-1,-2,2,-1
397,-1,1,-1,-1,-2,2
398,-1,1,-1,-1,-1,-1
399,-1,1,-1,-1,-1,1
400,-1,1,-1,-1,1,-1
401,-1,1,-1,-1,2,-2
402,-1,1,-1,-1,2,2
403,-1,1,-1,1,-2,-2
404,-1,1,-1,1,-1,-1
405,-1,1,-1,1,1,1
406,-1,1,-1,2,-2,-1
407,-1,1,-1,2,2,-1
408,-1,1,-1,2,2,1
409,-1,1,1,-2,-2,1
410,-1,1,1,-2,2,1
411,-1,1,1,-1,-2,-2
412,-1,1,1,-1,-1,-1
413,-1,1,1,-1,1,1
414,-1,1,1,-1,2,2
415,-1,1,1,1,-2,-2
416,-1,1,1,1,-2,2
417,-1,1,1,1,-1,1
418,-1,1,1,1,1,-1
419,-1,1,1,1,1,1
420,-1,1,1,1,2,-2
421,-1,1,1,1,2,2
422,-1,1,1,2,-2,1
423,-1,1,1,2,2,-1
424,-1,1,1,2,2,1
425,-1,1,2,-2,-2,-2
426,-1,1,2,-2,-1,-1
427,-1,1,2,-2,1,1
428,-1,1,2,-1,-1,-2
429,-1,1,2,-1,-1,2
430,-1,1,2,-1,1,2
431,-1,1,2,1,-1,2
432,-1,1,2,1,1,-2
433,-1,1,2,2,-2,2
434,-1,1,2,2,-1,-1
435,-1,1,2,2,-1,1
436,-1,1,2,2,1,1
437,-1,1,2,2,2,-2
438,-1,1,2,2,2,2
439,-1,2,-2,-2,-2,-1
440,-1,2,-2,-2,-2,1
441,-1,2,-2,-2,2,-1
442,-1,2,-2,-1,-2,-2
443,-1,2,-2,-1,-2,2
444,-1,2,-2,-1,-1,-1
445,-1,2,-2,-1,-1,1
446,-1,2,-2,-1,1,-1
447,-1,2,-2,-1,2,-2
448,-1,2,-2,-1,2,2
449,-1,2,-2,1,-2,-2
450,-1,2,-2,1,-1,-1
451,-1,2,-2,1,1,1
452,-1,2,-2,2,-2,-1
453,-1,2,-2,2,2,1
454,-1,2,-1,-2,-1,-2
455,-1,2,-1,-2,-1,2
456,-1,2,-1,-2,1,-2
457,-1,2,-1,-2,1,2
458,-1,2,-1,-1,-2,-1
459,-1,2,-1,-1,-2,1
460,-1,2,-1,-1,2,1
461,-1,2,-1,1,-2,-1
462,-1,2,-1,1,2,-1
463,-1,2,-1,1,2,1
464,-1,2,-1,2,-1,-2
465,-1,2,-1,2,-1,2
466,-1,2,-1,2,1,-2
467,-1,2,1,-2,-1,-2
468,-1,2,1,-2,-1,2
469,-1,2,1,-2,1,2
470,-1,2,1,-1,2,1
471,-1,2,1,1,-2,1
472,-1,2,1,1,2,1
473,-1,2,1,2,-1,2
474,-1,2,1,2,1,-2
475,-1,2,1,2,1,2
476,-1,2,2,-2,2,-1
477,-1,2,2,-2,2,1
478,-1,2,2,-1,-2,-2
479,-1,2,2,-1,-1,-1
480,-1,2,2,-1,-1,1
481,-1,2,2,-1,1,-1
482,-1,2,2,-1,1,1
483,-1,2,2,-1,2,-2
484,-1,2,2,-1,2,2
485,-1,2,2,1,-2,-2
486,-1,2,2,1,-2,2
487,-1,2,2,1,-1,-1
488,-1,2,2,1,-1,1
489,-1,2,2,1,1,-1
490,-1,2,2,1,1,1
491,-1,2,2,1,2,-2
492,-1,2,2,1,2,2
493,-1,2,2,2,-2,-1
494,-1,2,2,2,2,-1
495,1,-2,-2,-2,-2,-1
496,1,-2,-2,-2,-2,1
497,1,-2,-2,-2,2,-1
498,1,-2,-2,-2,2,1
499,1,-2,-2,-1,-2,-2
500,1,-2,-2,-1,-2,2
501,1,-2,-2,-1,-1,1
502,1,-2,-2,-1,1,-1
503,1,-2,-2,-1,2,-2
504,1,-2,-2,-1,2,2
505,1,-2,-2,1,-2,-2
506,1,-2,-2,1,-2,2
507,1,-2,-2,1,-1,-1
508,1,-2,-2,1,-1,1
509,1,-2,-2,1,1,-1
510,1,-2,-2,1,1,1
511,1,-2,-2,1,2,-2
512,1,-2,-2,1,2,2
513,1,-2,-2,2,-2,-1
514,1,-2,-2,2,-2,1
515,1,-2,-2,2,2,1
516,1,-2,-1,-2,-1,-2
517,1,-2,-1,-2,-1,2
518,1,-2,-1,-1,-2,-1
519,1,-2,-1,-1,-2,1
520,1,-2,-1,-1,2,-1
521,1,-2,-1,1,-2,-1
522,1,-2,-1,1,-2,1
523,1,-2,-1,1,2,1
524,1,-2,-1,2,-1,-2
525,1,-2,-1,2,-1,2
526,1,-2,-1,2,1,-2
527,1,-2,-1,2,1,2
528,1,-2,1,-2,-1,-2
529,1,-2,1,-2,-1,2
530,1,-2,1,-2,1,-2
531,1,-2,1,-2,1,2
532,1,-2,1,-1,-2,-1
533,1,-2,1,-1,-2,1
534,1,-2,1,-1,2,1
535,1,-2,1,1,-2,-1
536,1,-2,1,1,-2,1
537,1,-2,1,1,2,-1
538,1,-2,1,1,2,1
539,1,-2,1,2,-1,2
540,1,-2,1,2,1,-2
541,1,-2,1,2,1,2
542,1,-2,2,-2,-2,-1
543,1,-2,2,-2,-2,1
544,1,-2,2,-2,2,1
545,1,-2,2,-1,-2,-2
546,1,-2,2,-1,1,1
547,1,-2,2,-1,2,2
548,1,-2,2,1,-2,-2
549,1,-2,2,1,-1,1
550,1,-2,2,1,1,-1
551,1,-2,2,1,1,1
552,1,-2,2,1,2,2
553,1,-2,2,2,-2,1
554,1,-2,2,2,2,1
555,1,-1,-2,-2,-2,-2
556,1,-1,-2,-2,-1,-1
557,1,-1,-2,-2,1,-1
558,1,-1,-2,-2,1,1
559,1,-1,-2,-2,2,-2
560,1,-1,-2,-1,-1,-2
561,1,-1,-2,-1,-1,2
562,1,-1,-2,1,-1,-2
563,1,-1,-2,1,1,-2
564,1,-1,-2,1,1,2
565,1,-1,-2,2,-2,-2
566,1,-1,-2,2,-1,-1
567,1,-1,-2,2,1,1
568,1,-1,-2,2,2,2
569,1,-1,-1,-2,-2,-1
570,1,-1,-1,-2,2,-1
571,1,-1,-1,-1,-2,-2
572,1,-1,-1,-1,-2,2
573,1,-1,-1,-1,-1,1
574,1,-1,-1,-1,1,-1
575,1,-1,-1,-1,2,-2
576,1,-1,-1,-1,2,2
577,1,-1,-1,1,-2,-2
578,1,-1,-1,1,-1,-1
579,1,-1,-1,1,2,2
580,1,-1,-1,2,-2,-1
581,1,-1,-1,2,2,-1
582,1,-1,-1,2,2,1
583,1,-1,1,-2,-2,-1
584,1,-1,1,-2,-2,1
585,1,-1,1,-2,2,1
586,1,-1,1,-1,-1,-1
587,1,-1,1,-1,1,1
588,1,-1,1,-1,2,2
589,1,-1,1,1,-2,-2
590,1,-1,1,1,-2,2
591,1,-1,1,1,1,1
592,1,-1,1,1,2,-2
593,1,-1,1,1,2,2
594,1,-1,1,2,-2,1
595,1,-1,1,2,2,-1
596,1,-1,1,2,2,1
597,1,-1,2,-2,-2,-2
598,1,-1,2,-2,1,1
599,1,-1,2,-2,2,2
600,1,-1,2,-1,-1,-2
601,1,-1,2,-1,-1,2
602,1,-1,2,-1,1,2
603,1,-1,2,1,-1,2
604,1,-1,2,1,1,-2
605,1,-1,2,2,-2,2
606,1,-1,2,2,-1,-1
607,1,-1,2,2,-1,1
608,1,-1,2,2,1,-1
609,1,-1,2,2,2,-2
610,1,-1,2,2,2,2
611,1,1,-2,-2,-2,-2
612,1,1,-2,-2,-2,2
613,1,1,-2,-2,-1,-1
614,1,1,-2,-2,-1,1
615,1,1,-2,-2,1,-1
616,1,1,-2,-2,1,1
617,1,1,-2,-2,2,-2
618,1,1,-2,-2,2,2
619,1,1,-2,-1,-1,-2
620,1,1,-2,-1,-1,2
621,1,1,-2,-1,1,-2
622,1,1,-2,-1,1,2
623,1,1,-2,1,-1,-2
624,1,1,-2,1,1,-2
625,1,1,-2,1,1,2
626,1,1,-2,2,-2,-2
627,1,1,-2,2,-2,2
628,1,1,-2,2,-1,1
629,1,1,-2,2,1,-1
630,1,1,-2,2,1,1
631,1,1,-2,2,2,-2
632,1,1,-2,2,2,2
633,1,1,-1,-2,-2,-1
634,1,1,-1,-2,-2,1
635,1,1,-1,-1,-2,-2
636,1,1,-1,-1,1,1
637,1,1,-1,1,-2,-2
638,1,1,-1,1,-2,2
639,1,1,-1,1,-1,1
640,1,1,-1,1,1,-1
641,1,1,-1,1,1,1
642,1,1,-1,1,2,-2
643,1,1,-1,1,2,2
644,1,1,-1,2,-2,1
645,1,1,-1,2,2,-1
646,1,1,-1,2,2,1
647,1,1,1,-2,-2,-1
648,1,1,1,-2,-2,1
649,1,1,1,-2,2,-1
650,1,1,1,-2,2,1
651,1,1,1,-1,-2,-2
652,1,1,1,-1,-2,2
653,1,1,1,-1,-1,1
654,1,1,1,-1,1,-1
655,1,1,1,-1,1,1
656,1,1,1,-1,2,-2
657,1,1,1,1,-2,-2
658,1,1,1,1,-2,2
659,1,1,1,1,-1,-1
660,1,1,1,1,-1,1
661,1,1,1,1,1,-1
662,1,1,1,1,1,1
663,1,1,1,1,2,-2
664,1,1,1,1,2,2
665,1,1,1,2,-2,-1
666,1,1,1,2,-2,1
667,1,1,1,2,2,-1
668,1,1,1,2,2,1
669,1,1,2,-2,-2,-2
670,1,1,2,-2,-2,2
671,1,1,2,-2,-1,1
672,1,1,2,-2,1,-1
673,1,1,2,-2,1,1
674,1,1,2,-2,2,-2
675,1,1,2,-1,-1,-2
676,1,1,2,-1,-1,2
677,1,1,2,-1,1,-2
678,1,1,2,-1,1,2
679,1,1,2,1,-1,-2
680,1,1,2,1,-1,2
681,1,1,2,1,1,2
682,1,1,2,2,-2,-2
683,1,1,2,2,-2,2
684,1,1,2,2,-1,-1
685,1,1,2,2,-1,1
686,1,1,2,2,1,-1
687,1,1,2,2,1,1
688,1,1,2,2,2,-2
689,1,1,2,2,2,2
690,1,2,-2,-2,-2,-1
691,1,2,-2,-2,-2,1
692,1,2,-2,-2,2,1
693,1,2,-2,-1,-2,-2
694,1,2,-2,-1,-1,-1
695,1,2,-2,-1,1,1
696,1,2,-2,-1,2,2
697,1,2,-2,1,-2,-2
698,1,2,-2,1,-2,2
699,1,2,-2,1,-1,1
700,1,2,-2,1,1,-1
701,1,2,-2,1,1,1
702,1,2,-2,1,2,-2
703,1,2,-2,1,2,2
704,1,2,-2,2,-2,1
705,1,2,-2,2,2,1
706,1,2,-1,-2,-1,-2
707,1,2,-1,-2,1,-2
708,1,2,-1,-2,1,2
709,1,2,-1,-1,-2,-1
710,1,2,-1,-1,-2,1
711,1,2,-1,-1,2,-1
712,1,2,-1,-1,2,1
713,1,2,-1,1,-2,1
714,1,2,-1,1,2,-1
715,1,2,-1,1,2,1
716,1,2,-1,2,-1,-2
717,1,2,-1,2,-1,2
718,1,2,-1,2,1,-2
719,1,2,1,-2,-1,2
720,1,2,1,-2,1,-2
721,1,2,1,-2,1,2
722,1,2,1,-1,-2,1
723,1,2,1,-1,2,-1
724,1,2,1,1,-2,-1
725,1,2,1,1,-2,1
726,1,2,1,1,2,-1
727,1,2,1,1,2,1
728,1,2,1,2,-1,-2
729,1,2,1,2,-1,2
730,1,2,1,2,1,2
731,1,2,2,-2,-2,1
732,1,2,2,-1,-2,-2
733,1,2,2,-1,-2,2
734,1,2,2,-1,-1,-1
735,1,2,2,-1,-1,1
736,1,2,2,-1,1,1
737,1,2,2,-1,2,-2
738,1,2,2,-1,2,2
739,1,2,2,1,-2,-2
740,1,2,2,1,-1,-1
741,1,2,2,1,-1,1
742,1,2,2,1,1,-1
743,1,2,2,1,1,1
744,1,2,2,1,2,-2
745,1,2,2,1,2,2
746,1,2,2,2,-2,-1
747,1,2,2,2,-2,1
748,1,2,2,2,2,-1
749,1,2,2,2,2,1
750,2,-2,-2,-2,-1,-1
751,2,-2,-2,-2,-1,1
752,2,-2,-2,-2,1,-1
753,2,-2,-2,-2,1,1
754,2,-2,-2,-2,2,-2
755,2,-2,-2,-1,-1,-2
756,2,-2,-2,-1,-1,2
757,2,-2,-2,-1,1,-2
758,2,-2,-2,1,-1,-2
759,2,-2,-2,1,1,-2
760,2,-2,-2,1,1,2
761,2,-2,-2,2,-1,-1
762,2,-2,-2,2,1,1
763,2,-2,-2,2,2,2
764,2,-2,-1,-2,-2,-1
765,2,-2,-1,-2,-2,1
766,2,-2,-1,-2,2,-1
767,2,-2,-1,-1,-2,-2
768,2,-2,-1,-1,-2,2
769,2,-2,-1,-1,-1,-1
770,2,-2,-1,-1,-1,1
771,2,-2,-1,-1,2,-2
772,2,-2,-1,-1,2,2
773,2,-2,-1,1,-2,-2
774,2,-2,-1,1,-1,-1
775,2,-2,-1,1,1,1
776,2,-2,-1,1,2,2
777,2,-2,-1,2,-2,-1
778,2,-2,-1,2,2,-1
779,2,-2,-1,2,2,1
780,2,-2,1,-2,-2,-1
781,2,-2,1,-2,-2,1
782,2,-2,1,-2,2,1
783,2,-2,1,-1,-2,-2
784,2,-2,1,-1,-1,-1
785,2,-2,1,-1,1,1
786,2,-2,1,-1,2,2
787,2,-2,1,1,-2,-2
788,2,-2,1,1,-2,2
789,2,-2,1,1,-1,1
790,2,-2,1,1,1,-1
791,2,-2,1,1,1,1
792,2,-2,1,1,2,2
793,2,-2,1,2,-2,1
794,2,-2,1,2,2,-1
795,2,-2,1,2,2,1
796,2,-2,2,-2,-2,-2
797,2,-2,2,-2,-1,-1
798,2,-2,2,-2,1,1
799,2,-2,2,-2,2,2
800,2,-2,2,-1,-1,-2
801,2,-2,2,-1,-1,2
802,2,-2,2,-1,1,2
803,2,-2,2,1,-1,2
804,2,-2,2,1,1,2
805,2,-2,2,2,-1,-1
806,2,-2,2,2,-1,1
807,2,-2,2,2,1,-1
808,2,-2,2,2,1,1
809,2,-2,2,2,2,2
810,2,-1,-2,-2,-1,-2
811,2,-1,-2,-2,-1,2
812,2,-1,-2,-2,1,-2
813,2,-1,-2,-2,1,2
814,2,-1,-2,-1,-2,-1
815,2,-1,-2,-1,-2,1
816,2,-1,-2,-1,2,-1
817,2,-1,-2,1,-2,-1
818,2,-1,-2,1,-2,1
819,2,-1,-2,1,2,-1
820,2,-1,-2,1,2,1
821,2,-1,-2,2,-1,-2
822,2,-1,-2,2,-1,2
823,2,-1,-2,2,1,2
824,2,-1,-1,-2,-2,-2
825,2,-1,-1,-2,-1,-1
826,2,-1,-1,-2,-1,1
827,2,-1,-1,-2,1,1
828,2,-1,-1,-2,2,-2
829,2,-1,-1,-2,2,2
830,2,-1,-1,-1,-1,-2
831,2,-1,-1,-1,-1,2
832,2,-1,-1,-1,1,-2
833,2,-1,-1,-1,1,2
834,2,-1,-1,1,-1,-2
835,2,-1,-1,1,1,2
836,2,-1,-1,2,-2,-2
837,2,-1,-1,2,-1,-1
838,2,-1,-1,2,-1,1
839,2,-1,-1,2,1,-1
840,2,-1,-1,2,1,1
841,2,-1,-1,2,2,-2
842,2,-1,-1,2,2,2
843,2,-1,1,-2,-2,-2
844,2,-1,1,-2,-1,-1
845,2,-1,1,-2,1,1
846,2,-1,1,-2,2,2
847,2,-1,1,-1,-1,-2
848,2,-1,1,-1,-1,2
849,2,-1,1,-1,1,2
850,2,-1,1,1,-1,2
851,2,-1,1,1,1,-2
852,2,-1,1,1,1,2
853,2,-1,1,2,-2,2
854,2,-1,1,2,-1,-1
855,2,-1,1,2,-1,1
856,2,-1,1,2,1,-1
857,2,-1,1,2,2,-2
858,2,-1,1,2,2,2
859,2,-1,2,-2,-1,2
860,2,-1,2,-2,1,2
861,2,-1,2,-1,-2,-1
862,2,-1,2,-1,-2,1
863,2,-1,2,-1,2,-1
864,2,-1,2,1,-2,-1
865,2,-1,2,1,-2,1
866,2,-1,2,1,2,-1
867,2,-1,2,1,2,1
868,2,-1,2,2,-1,-2
869,2,-1,2,2,-1,2
870,2,-1,2,2,1,-2
871,2,-1,2,2,1,2
872,2,1,-2,-2,-1,-2
873,2,1,-2,-2,1,-2
874,2,1,-2,-2,1,2
875,2,1,-2,-1,2,-1
876,2,1,-2,-1,2,1
877,2,1,-2,1,-2,-1
878,2,1,-2,1,-2,1
879,2,1,-2,1,2,1
880,2,1,-2,2,1,-2
881,2,1,-2,2,1,2
882,2,1,-1,-2,-1,-1
883,2,1,-1,-2,1,1
884,2,1,-1,-2,2,2
885,2,1,-1,-1,-1,-2
886,2,1,-1,-1,-1,2
887,2,1,-1,1,-1,2
888,2,1,-1,1,1,-2
889,2,1,-1,1,1,2
890,2,1,-1,2,-2,2
891,2,1,-1,2,-1,-1
892,2,1,-1,2,-1,1
893,2,1,-1,2,1,-1
894,2,1,-1,2,1,1
895,2,1,-1,2,2,-2
896,2,1,-1,2,2,2
897,2,1,1,-2,-2,2
898,2,1,1,-2,-1,-1
899,2,1,1,-2,-1,1
900,2,1,1,-2,1,1
901,2,1,1,-1,-1,2
902,2,1,1,-1,1,-2
903,2,1,1,-1,1,2
904,2,1,1,1,-1,-2
905,2,1,1,1,1,-2
906,2,1,1,2,-2,-2
907,2,1,1,2,-2,2
908,2,1,1,2,-1,-1
909,2,1,1,2,-1,1
910,2,1,1,2,1,-1
911,2,1,1,2,1,1
912,2,1,1,2,2,-2
913,2,1,1,2,2,2
914,2,1,2,-2,-1,2
915,2,1,2,-2,1,-2
916,2,1,2,-2,1,2
917,2,1,2,-1,-2,1
918,2,1,2,-1,2,-1
919,2,1,2,-1,2,1
920,2,1,2,1,-2,-1
921,2,1,2,1,-2,1
922,2,1,2,1,2,-1
923,2,1,2,1,2,1
924,2,1,2,2,-1,-2
925,2,1,2,2,-1,2
926,2,1,2,2,1,-2
927,2,1,2,2,1,2
928,2,2,-2,-2,1,1
929,2,2,-2,-2,2,2
930,2,2,-2,-1,-1,-2
931,2,2,-2,-1,-1,2
932,2,2,-2,-1,1,2
933,2,2,-2,1,-1,2
934,2,2,-2,1,1,-2
935,2,2,-2,1,1,2
936,2,2,-2,2,-2,2
937,2,2,-2,2,-1,-1
938,2,2,-2,2,-1,1
939,2,2,-2,2,1,1
940,2,2,-2,2,2,-2
941,2,2,-1,-2,-2,-1
942,2,2,-1,-2,-2,1
943,2,2,-1,-2,2,-1
944,2,2,-1,-2,2,1
945,2,2,-1,-1,-2,-2
946,2,2,-1,-1,-2,2
947,2,2,-1,-1,-1,-1
948,2,2,-1,-1,-1,1
949,2,2,-1,-1,1,-1
950,2,2,-1,-1,2,-2
951,2,2,-1,1,-2,2
952,2,2,-1,1,1,-1
953,2,2,-1,1,1,1
954,2,2,-1,1,2,-2
955,2,2,-1,1,2,2
956,2,2,-1,2,-2,-1
957,2,2,-1,2,-2,1
958,2,2,-1,2,2,-1
959,2,2,-1,2,2,1
960,2,2,1,-2,-2,-1
961,2,2,1,-2,-2,1
962,2,2,1,-2,2,-1
963,2,2,1,-2,2,1
964,2,2,1,-1,-2,2
965,2,2,1,-1,-1,-1
966,2,2,1,-1,-1,1
967,2,2,1,-1,1,-1
968,2,2,1,-1,1,1
969,2,2,1,-1,2,-2
970,2,2,1,-1,2,2
971,2,2,1,1,-2,-2
972,2,2,1,1,-1,-1
973,2,2,1,1,1,-1
974,2,2,1,1,1,1
975,2,2,1,1,2,-2
976,2,2,1,1,2,2
977,2,2,1,2,-2,-1
978,2,2,1,2,-2,1
979,2,2,1,2,2,-1
980,2,2,1,2,2,1
981,2,2,2,-2,-2,2
982,2,2,2,-2,-1,1
983,2,2,2,-2,1,-1
984,2,2,2,-2,1,1
985,2,2,2,-2,2,-2
986,2,2,2,-2,2,2
987,2,2,2,-1,-1,-2
988,2,2,2,-1,-1,2
989,2,2,2,-1,1,2
990,2,2,2,1,-1,-2
991,2,2,2,1,-1,2
992,2,2,2,1,1,-2
993,2,2,2,1,1,2
994,2,2,2,2,-2,2
995,2,2,2,2,-1,-1
996,2,2,2,2,-1,1
997,2,2,2,2,1,1
998,2,2,2,2,2,-2
999,2,2,2,2,2,2
